umls entities loaded
tokenizer name: cambridgeltl/SapBERT-from-PubMedBERT-fulltext 

test dataset path: /home/gan/CODES/CrossEncoder/load_umls/tra_val_test/mentions/test.json
testdata length: 39038 

umls vector: sapbert
umls vector shape: (3415665, 768) 

compute acc@ 1 (retrieve  5  candidates)
reranker model used: /home/gan/CODES/CrossEncoder/AAANEW/crossencoder/all_name_3v1model_bt38.pth
0.654 999
0.6475 1999
0.6396666666666667 2999
0.661 3999
0.656 4999
0.6575 5999
0.6608571428571428 6999
0.66375 7999
0.665 8999
0.6652 9999
0.6672727272727272 10999
0.6683333333333333 11999
0.6681538461538462 12999
0.6672857142857143 13999
0.6701333333333334 14999
0.67325 15999
0.6708823529411765 16999
0.6705555555555556 17999
0.6697368421052632 18999
0.66815 19999
0.6661428571428571 20999
0.6653181818181818 21999
0.6637826086956522 22999
0.6639166666666667 23999
0.6638 24999
0.6646538461538462 25999
0.6661851851851852 26999
0.6668571428571428 27999
0.6648620689655172 28999
0.6654666666666667 29999
0.6641612903225806 30999
0.66290625 31999
0.6641818181818182 32999
0.6650294117647059 33999
0.6661142857142857 34999
0.6655277777777778 35999
0.6655405405405406 36999
0.6655526315789474 37999
0.6663076923076923 38999
final:
0.6660689584507403
