umls entities loaded
tokenizer name: cambridgeltl/SapBERT-from-PubMedBERT-fulltext 

test dataset path: /home/gan/CODES/CrossEncoder/load_umls/tra_val_test/mentions/test.json
testdata length: 39038 

umls vector: sapbert
umls vector shape: (3415665, 768) 

compute acc@ 1 (retrieve  10  candidates)
reranker model used: /home/gan/CODES/CrossEncoder/AAANEW/crossencoder/all_name_3v1model_bt38.pth
0.695 999
0.6705 1999
0.6616666666666666 2999
0.6835 3999
0.6794 4999
0.6801666666666667 5999
0.6811428571428572 6999
0.685375 7999
0.6871111111111111 8999
0.687 9999
0.6892727272727273 10999
0.69175 11999
0.6918461538461539 12999
0.6913571428571429 13999
0.6936 14999
0.695125 15999
0.6932941176470588 16999
0.6930555555555555 17999
0.6920526315789474 18999
0.69045 19999
0.6873333333333334 20999
0.6868181818181818 21999
0.686304347826087 22999
0.6872916666666666 23999
0.68692 24999
0.6882692307692307 25999
0.6897777777777778 26999
0.6902142857142857 27999
0.6880344827586207 28999
0.6891333333333334 29999
0.6875806451612904 30999
0.68590625 31999
0.687 32999
0.6879705882352941 33999
0.6894571428571429 34999
0.6889722222222222 35999
0.6892972972972973 36999
0.6896842105263158 37999
0.6907435897435897 38999
final:
0.6906347661253138
