umls entities loaded
tokenizer name: cambridgeltl/SapBERT-from-PubMedBERT-fulltext 

test dataset path: /home/gan/CODES/CrossEncoder/load_umls/tra_val_test/mentions/test.json
testdata length: 39038 

umls vector: sapbert
umls vector shape: (3415665, 768) 

compute acc@ 5 (retrieve  10  candidates)
reranker model used: /home/gan/CODES/CrossEncoder/AAANEW/crossencoder/all_name_3v1model_bt38.pth
0.766 999
0.762 1999
0.7476666666666667 2999
0.7685 3999
0.7608 4999
0.7603333333333333 5999
0.7617142857142857 6999
0.769 7999
0.7692222222222223 8999
0.7669 9999
0.7701818181818182 10999
0.7718333333333334 11999
0.7724615384615384 12999
0.7715 13999
0.7726 14999
0.773625 15999
0.770235294117647 16999
0.7683333333333333 17999
0.7665263157894737 18999
0.7657 19999
0.7623333333333333 20999
0.7619090909090909 21999
0.7613478260869565 22999
0.7615 23999
0.76088 24999
0.7617307692307692 25999
0.7627037037037037 26999
0.7632142857142857 27999
0.7606551724137931 28999
0.7613333333333333 29999
0.7601935483870967 30999
0.75859375 31999
0.7598787878787879 32999
0.7611470588235294 33999
0.7629142857142858 34999
0.7619722222222223 35999
0.7625405405405405 36999
0.7625526315789474 37999
0.7633076923076924 38999
final:
0.7631282340283826
