umls entities loaded
tokenizer name: cambridgeltl/SapBERT-from-PubMedBERT-fulltext 

test dataset path: /home/gan/CODES/CrossEncoder/load_umls/tra_val_test/mentions/test.json
testdata length: 39038 

umls vector: sapbert
umls vector shape: (3415665, 768) 

compute acc@ 5 (retrieve  15  candidates)
reranker model used: /home/gan/CODES/CrossEncoder/AAANEW/crossencoder/all_name_3v1model_bt38.pth
0.782 999
0.78 1999
0.768 2999
0.787 3999
0.7774 4999
0.7758333333333334 5999
0.7771428571428571 6999
0.783875 7999
0.7848888888888889 8999
0.7836 9999
0.7874545454545454 10999
0.7895833333333333 11999
0.7914615384615384 12999
0.7902142857142858 13999
0.7908666666666667 14999
0.7919375 15999
0.7891176470588235 16999
0.7875555555555556 17999
0.7854210526315789 18999
0.7853 19999
0.7828571428571428 20999
0.7820909090909091 21999
0.7814347826086957 22999
0.7814166666666666 23999
0.7808 24999
0.7817692307692308 25999
0.7829259259259259 26999
0.7833214285714286 27999
0.7809310344827586 28999
0.7816333333333333 29999
0.7807741935483871 30999
0.77984375 31999
0.7810909090909091 32999
0.7823235294117648 33999
0.7842285714285714 34999
0.7831111111111111 35999
0.7835135135135135 36999
0.7833684210526316 37999
0.7838974358974359 38999
final:
0.7836979353450484
