umls entities loaded
tokenizer name: cambridgeltl/SapBERT-from-PubMedBERT-fulltext 

test dataset path: /home/gan/CODES/CrossEncoder/load_umls/tra_val_test/mentions/test.json
testdata length: 39038 

umls vector: sapbert
umls vector shape: (3415665, 768) 

compute acc@ 1 (retrieve  5  candidates)
reranker model used: /home/gan/CODES/CrossEncoder/AAANEW/crossencoder/all_all_model_bt52.pth
0.63 999
0.6175 1999
0.614 2999
0.638 3999
0.632 4999
0.6321666666666667 5999
0.6334285714285715 6999
0.638875 7999
0.6397777777777778 8999
0.6382 9999
0.6404545454545455 10999
0.6401666666666667 11999
0.6394615384615384 12999
0.6387142857142857 13999
0.6405333333333333 14999
0.6444375 15999
0.642 16999
0.6413888888888889 17999
0.6406315789473684 18999
0.6391 19999
0.6375714285714286 20999
0.637090909090909 21999
0.6358695652173914 22999
0.6356666666666667 23999
0.63484 24999
0.6348461538461538 25999
0.6361851851851852 26999
0.6370357142857143 27999
0.6347241379310344 28999
0.6347 29999
0.6340967741935484 30999
0.63275 31999
0.633030303030303 32999
0.6344411764705883 33999
0.6356857142857143 34999
0.6350277777777777 35999
0.6353243243243243 36999
0.635 37999
0.6361538461538462 38999
final:
0.6358676161688611
