umls entities loaded
tokenizer name: cambridgeltl/SapBERT-from-PubMedBERT-fulltext 

test dataset path: /home/gan/CODES/CrossEncoder/load_umls/tra_val_test/mentions/test.json
testdata length: 39038 

umls vector: sapbert
umls vector shape: (3415665, 768) 

compute acc@ 1 (retrieve  5  candidates)
reranker model used: /home/gan/CODES/CrossEncoder/AAANEW/crossencoder/all_all_model_bt36.pth
0.63 999
0.613 1999
0.611 2999
0.63175 3999
0.6236 4999
0.6213333333333333 5999
0.6237142857142857 6999
0.626625 7999
0.6276666666666667 8999
0.6288 9999
0.6303636363636363 10999
0.6316666666666667 11999
0.6316153846153846 12999
0.6301428571428571 13999
0.6323333333333333 14999
0.635625 15999
0.6337647058823529 16999
0.6335 17999
0.6318947368421053 18999
0.6306 19999
0.6284761904761905 20999
0.6276363636363637 21999
0.626 22999
0.623875 23999
0.62336 24999
0.6246923076923077 25999
0.6262962962962964 26999
0.627 27999
0.6240689655172413 28999
0.6239666666666667 29999
0.6235806451612903 30999
0.6215625 31999
0.6223939393939394 32999
0.6237647058823529 33999
0.6251142857142857 34999
0.6244722222222222 35999
0.6237567567567568 36999
0.6236052631578948 37999
0.6245641025641026 38999
final:
0.6241610738255033
