umls entities loaded
tokenizer name: cambridgeltl/SapBERT-from-PubMedBERT-fulltext 

test dataset path: /home/gan/CODES/CrossEncoder/load_umls/tra_val_test/mentions/test.json
testdata length: 39038 

umls vector: sapbert
umls vector shape: (3415665, 768) 

compute acc@ 5 (retrieve  10  candidates)
reranker model used: /home/gan/CODES/CrossEncoder/AAANEW/crossencoder/all_name_model_bt52.pth
0.766 999
0.762 1999
0.748 2999
0.76925 3999
0.7624 4999
0.7626666666666667 5999
0.7635714285714286 6999
0.771 7999
0.7713333333333333 8999
0.7688 9999
0.7719090909090909 10999
0.7734166666666666 11999
0.7738461538461539 12999
0.7728571428571429 13999
0.7738666666666667 14999
0.7748125 15999
0.7713529411764706 16999
0.7693888888888889 17999
0.7675263157894737 18999
0.76655 19999
0.7632857142857142 20999
0.763 21999
0.7624782608695653 22999
0.7625833333333333 23999
0.76204 24999
0.7628461538461538 25999
0.7638148148148148 26999
0.7643571428571428 27999
0.7618275862068965 28999
0.7624666666666666 29999
0.7614193548387097 30999
0.7598125 31999
0.7611818181818182 32999
0.7623823529411765 33999
0.7641142857142857 34999
0.7632222222222222 35999
0.7637567567567568 36999
0.7637631578947368 37999
0.7645641025641026 38999
final:
0.764383421281828
