umls entities loaded
tokenizer name: cambridgeltl/SapBERT-from-PubMedBERT-fulltext 

test dataset path: /home/gan/CODES/CrossEncoder/load_umls/tra_val_test/mentions/test.json
testdata length: 39038 

umls vector: sapbert
umls vector shape: (3415665, 768) 

compute acc@ 5 (retrieve  15  candidates)
reranker model used: /home/gan/CODES/CrossEncoder/AAANEW/crossencoder/name_all_model_bt52.pth
0.788 999
0.781 1999
0.7696666666666667 2999
0.7885 3999
0.7794 4999
0.7773333333333333 5999
0.7788571428571428 6999
0.78575 7999
0.7866666666666666 8999
0.7854 9999
0.7890909090909091 10999
0.791 11999
0.7926153846153846 12999
0.7912142857142858 13999
0.7918666666666667 14999
0.79275 15999
0.7891176470588235 16999
0.7880555555555555 17999
0.7859473684210526 18999
0.78585 19999
0.7833809523809524 20999
0.7829545454545455 21999
0.7827826086956522 22999
0.7827083333333333 23999
0.78216 24999
0.7832307692307693 25999
0.7842592592592592 26999
0.7846428571428572 27999
0.7822068965517242 28999
0.7829 29999
0.7818387096774193 30999
0.780875 31999
0.782 32999
0.7829117647058823 33999
0.7848 34999
0.7837222222222222 35999
0.7841621621621622 36999
0.784 37999
0.7845384615384615 38999
final:
0.7843383370049695
