umls entities loaded
tokenizer name: cambridgeltl/SapBERT-from-PubMedBERT-fulltext 

test dataset path: /home/gan/CODES/CrossEncoder/load_umls/tra_val_test/mentions/test.json
testdata length: 39038 

umls vector: sapbert
umls vector shape: (3415665, 768) 

compute acc@ 1 (retrieve  5  candidates)
reranker model used: /home/gan/CODES/CrossEncoder/AAANEW/crossencoder/all_name_model_bt52.pth
0.642 999
0.6395 1999
0.64 2999
0.6635 3999
0.6578 4999
0.6573333333333333 5999
0.6584285714285715 6999
0.6625 7999
0.6626666666666666 8999
0.6633 9999
0.6658181818181819 10999
0.6664166666666667 11999
0.6666923076923077 12999
0.6656428571428571 13999
0.6672666666666667 14999
0.6704375 15999
0.6677058823529411 16999
0.6671111111111111 17999
0.6660526315789473 18999
0.665 19999
0.6635714285714286 20999
0.6630909090909091 21999
0.6621739130434783 22999
0.6609583333333333 23999
0.66016 24999
0.6604230769230769 25999
0.6618148148148149 26999
0.66275 27999
0.6606896551724138 28999
0.6618 29999
0.6606129032258065 30999
0.65890625 31999
0.6606363636363637 32999
0.6619705882352941 33999
0.6634857142857142 34999
0.6628055555555555 35999
0.6631081081081082 36999
0.662578947368421 37999
0.6633333333333333 38999
final:
0.6629694144167222
