umls entities loaded
tokenizer name: cambridgeltl/SapBERT-from-PubMedBERT-fulltext 

test dataset path: /home/gan/CODES/CrossEncoder/load_umls/tra_val_test/mentions/test.json
testdata length: 39038 

umls vector: sapbert
umls vector shape: (3415665, 768) 

compute acc@ 1 (retrieve  10  candidates)
reranker model used: /home/gan/CODES/CrossEncoder/AAANEW/crossencoder/all_name_model_bt52.pth
0.659 999
0.6655 1999
0.662 2999
0.6875 3999
0.6824 4999
0.6831666666666667 5999
0.683 6999
0.6875 7999
0.6872222222222222 8999
0.6864 9999
0.6899090909090909 10999
0.6916666666666667 11999
0.6913076923076923 12999
0.6907142857142857 13999
0.6913333333333334 14999
0.6930625 15999
0.6904117647058824 16999
0.6903888888888889 17999
0.6895263157894737 18999
0.6884 19999
0.6858571428571428 20999
0.6861818181818182 21999
0.6852608695652174 22999
0.6845416666666667 23999
0.6836 24999
0.6843076923076923 25999
0.6858888888888889 26999
0.6865714285714286 27999
0.6842758620689655 28999
0.6857333333333333 29999
0.6839354838709677 30999
0.68184375 31999
0.6831212121212121 32999
0.6850882352941177 33999
0.6866571428571429 34999
0.6862777777777778 35999
0.6867567567567567 36999
0.6866315789473684 37999
0.6873846153846154 38999
final:
0.6870741328961525
