umls entities loaded
tokenizer name: cambridgeltl/SapBERT-from-PubMedBERT-fulltext 

test dataset path: /home/gan/CODES/CrossEncoder/load_umls/tra_val_test/mentions/test.json
testdata length: 39038 

umls vector: sapbert
umls vector shape: (3415665, 768) 

compute acc@ 1 (retrieve  10  candidates)
reranker model used: /home/gan/CODES/CrossEncoder/AAANEW/crossencoder/all_all_model_bt36.pth
0.649 999
0.616 1999
0.6073333333333333 2999
0.63175 3999
0.6232 4999
0.622 5999
0.6254285714285714 6999
0.62975 7999
0.6317777777777778 8999
0.6317 9999
0.6326363636363637 10999
0.6336666666666667 11999
0.6331538461538462 12999
0.6329285714285714 13999
0.6349333333333333 14999
0.637625 15999
0.6358235294117647 16999
0.6363888888888889 17999
0.6346315789473684 18999
0.63335 19999
0.6303333333333333 20999
0.6300454545454546 21999
0.6279565217391304 22999
0.626375 23999
0.62572 24999
0.6266153846153846 25999
0.6286666666666667 26999
0.6291785714285715 27999
0.6263793103448276 28999
0.6261333333333333 29999
0.6249354838709678 30999
0.62265625 31999
0.6233030303030302 32999
0.6248529411764706 33999
0.6260571428571429 34999
0.6258888888888889 35999
0.6254864864864865 36999
0.6257631578947368 37999
0.6268717948717949 38999
final:
0.6265433680004099
