umls entities loaded
tokenizer name: cambridgeltl/SapBERT-from-PubMedBERT-fulltext 

test dataset path: /home/gan/CODES/CrossEncoder/load_umls/tra_val_test/mentions/test.json
testdata length: 39038 

umls vector: sapbert
umls vector shape: (3415665, 768) 

compute acc@ 1 (retrieve  10  candidates)
reranker model used: /home/gan/CODES/CrossEncoder/AAANEW/crossencoder/name_name_model_bt38.pth
0.766 999
0.7625 1999
0.7473333333333333 2999
0.76775 3999
0.7606 4999
0.7611666666666667 5999
0.7628571428571429 6999
0.77025 7999
0.7702222222222223 8999
0.7679 9999
0.771090909090909 10999
0.7725 11999
0.7730769230769231 12999
0.7719285714285714 13999
0.7724666666666666 14999
0.773375 15999
0.77 16999
0.7683333333333333 17999
0.766578947368421 18999
0.76585 19999
0.7626190476190476 20999
0.7622272727272728 21999
0.7616086956521739 22999
0.7616666666666667 23999
0.76104 24999
0.7618076923076923 25999
0.7627777777777778 26999
0.7633214285714286 27999
0.7607586206896552 28999
0.7613666666666666 29999
0.7603548387096775 30999
0.75875 31999
0.7601212121212121 32999
0.7611176470588236 33999
0.7628857142857143 34999
0.7620555555555556 35999
0.7627567567567568 36999
0.7627105263157895 37999
0.7634358974358975 38999
final:
0.7631794661611763
