umls entities loaded
tokenizer name: cambridgeltl/SapBERT-from-PubMedBERT-fulltext 

test dataset path: /home/gan/CODES/CrossEncoder/load_umls/tra_val_test/mentions/test.json
testdata length: 39038 

umls vector: sapbert
umls vector shape: (3415665, 768) 

compute acc@ 5 (retrieve  15  candidates)
reranker model used: /home/gan/CODES/CrossEncoder/AAANEW/crossencoder/best_model_bt52.pth
0.778 999
0.7785 1999
0.7676666666666667 2999
0.7865 3999
0.7782 4999
0.7768333333333334 5999
0.7785714285714286 6999
0.785625 7999
0.7868888888888889 8999
0.7855 9999
0.7892727272727272 10999
0.7911666666666667 11999
0.793 12999
0.7917142857142857 13999
0.7923333333333333 14999
0.7933125 15999
0.7902941176470588 16999
0.7892222222222223 17999
0.787 18999
0.78685 19999
0.7843809523809524 20999
0.7833181818181818 21999
0.7831304347826087 22999
0.7829583333333333 23999
0.78244 24999
0.7835 25999
0.7847037037037037 26999
0.7851071428571429 27999
0.7826896551724138 28999
0.7835333333333333 29999
0.7826129032258065 30999
0.78153125 31999
0.7826666666666666 32999
0.7834705882352941 33999
0.7853714285714286 34999
0.7841666666666667 35999
0.7845405405405406 36999
0.7843421052631578 37999
0.7848717948717949 38999
final:
0.7846713458681285
