umls entities loaded
tokenizer name: cambridgeltl/SapBERT-from-PubMedBERT-fulltext 

test dataset path: /home/gan/CODES/CrossEncoder/load_umls/tra_val_test/mentions/test.json
testdata length: 39038 

umls vector: sapbert
umls vector shape: (3415665, 768) 

compute acc@ 1 (retrieve  5  candidates)
reranker model used: /home/gan/CODES/CrossEncoder/AAANEW/crossencoder/mename_entityall_model_bt52.pth
0.645 999
0.64 1999
0.6386666666666667 2999
0.66075 3999
0.6552 4999
0.6553333333333333 5999
0.6555714285714286 6999
0.660875 7999
0.6624444444444444 8999
0.6631 9999
0.6647272727272727 10999
0.6650833333333334 11999
0.6663076923076923 12999
0.6637142857142857 13999
0.6664666666666667 14999
0.6693125 15999
0.6664705882352941 16999
0.6655555555555556 17999
0.6644210526315789 18999
0.66305 19999
0.6611428571428571 20999
0.6603636363636364 21999
0.6591739130434783 22999
0.6585833333333333 23999
0.65844 24999
0.6591923076923077 25999
0.6601481481481482 26999
0.6604642857142857 27999
0.6581724137931034 28999
0.6581666666666667 29999
0.6572258064516129 30999
0.65578125 31999
0.6575151515151515 32999
0.6583823529411764 33999
0.6598 34999
0.6594444444444445 35999
0.6601891891891892 36999
0.6596315789473685 37999
0.6605384615384615 38999
final:
0.6602284953122598
