umls entities loaded
tokenizer name: cambridgeltl/SapBERT-from-PubMedBERT-fulltext 

test dataset path: /home/gan/CODES/CrossEncoder/load_umls/tra_val_test/mentions/test.json
testdata length: 39038 

umls vector: sapbert
umls vector shape: (3415665, 768) 

compute acc@ 5 (retrieve  10  candidates)
reranker model used: /home/gan/CODES/CrossEncoder/AAANEW/crossencoder/mename_entityall_model_bt52.pth
0.766 999
0.762 1999
0.7483333333333333 2999
0.76825 3999
0.7612 4999
0.7606666666666667 5999
0.7622857142857142 6999
0.769875 7999
0.7702222222222223 8999
0.7679 9999
0.771090909090909 10999
0.7725 11999
0.7730769230769231 12999
0.7720714285714285 13999
0.7731333333333333 14999
0.774 15999
0.770235294117647 16999
0.7686666666666667 17999
0.7668947368421053 18999
0.766 19999
0.7626190476190476 20999
0.7623636363636364 21999
0.7617826086956522 22999
0.7619166666666667 23999
0.76132 24999
0.7621538461538462 25999
0.7631851851851852 26999
0.7636785714285714 27999
0.7611034482758621 28999
0.7617666666666667 29999
0.7605483870967742 30999
0.75896875 31999
0.7601818181818182 32999
0.7611764705882353 33999
0.7628857142857143 34999
0.7619444444444444 35999
0.7625135135135135 36999
0.7625263157894737 37999
0.7633076923076924 38999
final:
0.7631282340283826
