umls entities loaded
tokenizer name: cambridgeltl/SapBERT-from-PubMedBERT-fulltext 

test dataset path: /home/gan/CODES/CrossEncoder/load_umls/tra_val_test/mentions/test.json
testdata length: 39038 

umls vector: sapbert
umls vector shape: (3415665, 768) 

compute acc@ 1 (retrieve  10  candidates)
reranker model used: /home/gan/CODES/CrossEncoder/AAANEW/crossencoder/all_all_model_bt52.pth
0.644 999
0.6345 1999
0.619 2999
0.646 3999
0.6418 4999
0.6406666666666667 5999
0.6428571428571429 6999
0.647875 7999
0.6476666666666666 8999
0.6453 9999
0.649 10999
0.6493333333333333 11999
0.6499230769230769 12999
0.6498571428571429 13999
0.6515333333333333 14999
0.65425 15999
0.6525294117647059 16999
0.6528888888888889 17999
0.6516842105263158 18999
0.65015 19999
0.6480952380952381 20999
0.6479545454545454 21999
0.6474782608695652 22999
0.6468333333333334 23999
0.64572 24999
0.6458846153846154 25999
0.6475925925925926 26999
0.6481071428571429 27999
0.6456206896551724 28999
0.6457 29999
0.6445161290322581 30999
0.64303125 31999
0.6436060606060606 32999
0.6450294117647059 33999
0.6464857142857143 34999
0.6458055555555555 35999
0.6462162162162162 36999
0.6464210526315789 37999
0.6473589743589744 38999
final:
0.6470106050514883
