umls entities loaded
tokenizer name: cambridgeltl/SapBERT-from-PubMedBERT-fulltext 

test dataset path: /home/gan/CODES/CrossEncoder/load_umls/tra_val_test/mentions/test.json
testdata length: 39038 

umls vector: sapbert
umls vector shape: (3415665, 768) 

compute acc@ 5 (retrieve  15  candidates)
reranker model used: /home/gan/CODES/CrossEncoder/AAANEW/crossencoder/name_name_model_bt38.pth
0.79 999
0.7855 1999
0.7726666666666666 2999
0.792 3999
0.7826 4999
0.7813333333333333 5999
0.7824285714285715 6999
0.789 7999
0.79 8999
0.7884 9999
0.7919090909090909 10999
0.79375 11999
0.7954615384615384 12999
0.794 13999
0.7945333333333333 14999
0.7954375 15999
0.7924117647058824 16999
0.7912222222222223 17999
0.789 18999
0.7889 19999
0.7864285714285715 20999
0.7860909090909091 21999
0.7857826086956522 22999
0.7856666666666666 23999
0.78508 24999
0.7860384615384616 25999
0.7871851851851852 26999
0.7875357142857143 27999
0.7850689655172414 28999
0.7859 29999
0.7850322580645162 30999
0.78403125 31999
0.7852727272727272 32999
0.7864705882352941 33999
0.7883714285714286 34999
0.7873333333333333 35999
0.787918918918919 36999
0.7876842105263158 37999
0.7881282051282051 38999
final:
0.7879245863005276
