umls entities loaded
tokenizer name: cambridgeltl/SapBERT-from-PubMedBERT-fulltext 

test dataset path: /home/gan/CODES/CrossEncoder/load_umls/tra_val_test/mentions/test.json
testdata length: 39038 

umls vector: sapbert
umls vector shape: (3415665, 768) 

compute acc@ 5 (retrieve  15  candidates)
reranker model used: /home/gan/CODES/CrossEncoder/AAANEW/crossencoder/all_all_model_bt36.pth
0.781 999
0.773 1999
0.761 2999
0.78 3999
0.771 4999
0.7693333333333333 5999
0.7705714285714286 6999
0.7775 7999
0.779 8999
0.7779 9999
0.7812727272727272 10999
0.7815833333333333 11999
0.7837692307692308 12999
0.7826428571428572 13999
0.7834 14999
0.7845 15999
0.7808235294117647 16999
0.7788333333333334 17999
0.7770526315789473 18999
0.77695 19999
0.7745238095238095 20999
0.7743636363636364 21999
0.773695652173913 22999
0.7736666666666666 23999
0.77284 24999
0.7737307692307692 25999
0.7751851851851852 26999
0.7756785714285714 27999
0.7730344827586207 28999
0.7737 29999
0.7728709677419355 30999
0.77159375 31999
0.7724545454545455 32999
0.7734117647058824 33999
0.7752 34999
0.7743333333333333 35999
0.7745675675675676 36999
0.7743157894736842 37999
0.7748974358974359 38999
final:
0.7747066960397562
