umls entities loaded
tokenizer name: cambridgeltl/SapBERT-from-PubMedBERT-fulltext 

test dataset path: /home/gan/CODES/CrossEncoder/load_umls/tra_val_test/mentions/test.json
testdata length: 39038 

umls vector: sapbert
umls vector shape: (3415665, 768) 

compute acc@ 1 (retrieve  10  candidates)
reranker model used: /home/gan/CODES/CrossEncoder/AAANEW/crossencoder/mename_entityall_model_bt52.pth
0.661 999
0.6625 1999
0.6536666666666666 2999
0.67675 3999
0.6714 4999
0.671 5999
0.6727142857142857 6999
0.67925 7999
0.679 8999
0.6781 9999
0.6795454545454546 10999
0.681 11999
0.6817692307692308 12999
0.6786428571428571 13999
0.6805333333333333 14999
0.6819375 15999
0.6790588235294117 16999
0.6782222222222222 17999
0.6769473684210526 18999
0.67525 19999
0.6726666666666666 20999
0.6719545454545455 21999
0.6709130434782609 22999
0.6700833333333334 23999
0.66972 24999
0.671 25999
0.6717777777777778 26999
0.6717857142857143 27999
0.6696551724137931 28999
0.6695 29999
0.6682903225806451 30999
0.66671875 31999
0.6684545454545454 32999
0.6696176470588235 33999
0.6711714285714285 34999
0.6709722222222222 35999
0.6720810810810811 36999
0.6718157894736843 37999
0.6730769230769231 38999
final:
0.6729084481786977
