umls entities loaded
tokenizer name: cambridgeltl/SapBERT-from-PubMedBERT-fulltext 

test dataset path: /home/gan/CODES/CrossEncoder/load_umls/tra_val_test/mentions/test.json
testdata length: 39038 

umls vector: sapbert
umls vector shape: (3415665, 768) 

compute acc@ 5 (retrieve  10  candidates)
reranker model used: /home/gan/CODES/CrossEncoder/AAANEW/crossencoder/name_name_model_bt38.pth
0.767 999
0.763 1999
0.749 2999
0.77 3999
0.763 4999
0.7631666666666667 5999
0.7645714285714286 6999
0.771875 7999
0.7721111111111111 8999
0.7696 9999
0.7726363636363637 10999
0.7740833333333333 11999
0.7745384615384615 12999
0.7735 13999
0.7744666666666666 14999
0.775375 15999
0.7718823529411765 16999
0.7702222222222223 17999
0.7683684210526316 18999
0.76755 19999
0.7642380952380953 20999
0.7639090909090909 21999
0.7633478260869565 22999
0.763375 23999
0.7628 24999
0.763576923076923 25999
0.7645925925925926 26999
0.7651071428571429 27999
0.762551724137931 28999
0.7632333333333333 29999
0.7621612903225806 30999
0.76053125 31999
0.7618787878787879 32999
0.7631176470588236 33999
0.7648571428571429 34999
0.764 35999
0.7647567567567568 36999
0.7647368421052632 37999
0.7655128205128205 38999
final:
0.7653312157385112
