umls entities loaded
tokenizer name: cambridgeltl/SapBERT-from-PubMedBERT-fulltext 

test dataset path: /home/gan/CODES/CrossEncoder/load_umls/tra_val_test/mentions/test.json
testdata length: 39038 

umls vector: sapbert
umls vector shape: (3415665, 768) 

compute acc@ 5 (retrieve  15  candidates)
reranker model used: /home/gan/CODES/CrossEncoder/AAANEW/crossencoder/all_all_model_bt52.pth
0.768 999
0.767 1999
0.758 2999
0.77825 3999
0.771 4999
0.771 5999
0.7725714285714286 6999
0.77975 7999
0.7803333333333333 8999
0.7789 9999
0.7828181818181819 10999
0.7838333333333334 11999
0.7862307692307692 12999
0.7852142857142858 13999
0.7858666666666667 14999
0.787125 15999
0.7837058823529411 16999
0.7822222222222223 17999
0.7803157894736842 18999
0.78015 19999
0.7776666666666666 20999
0.7769545454545455 21999
0.7766086956521739 22999
0.77675 23999
0.77608 24999
0.7771153846153847 25999
0.7782222222222223 26999
0.7787857142857143 27999
0.7763448275862069 28999
0.7769 29999
0.7758709677419355 30999
0.77490625 31999
0.7763333333333333 32999
0.777264705882353 33999
0.7792285714285714 34999
0.7781111111111111 35999
0.7786756756756756 36999
0.7785263157894737 37999
0.7791025641025641 38999
final:
0.7789077309288386
