umls entities loaded
tokenizer name: cambridgeltl/SapBERT-from-PubMedBERT-fulltext 

test dataset path: /home/gan/CODES/CrossEncoder/load_umls/tra_val_test/mentions/test.json
testdata length: 39038 

umls vector: sapbert
umls vector shape: (3415665, 768) 

compute acc@ 5 (retrieve  10  candidates)
reranker model used: /home/gan/CODES/CrossEncoder/AAANEW/crossencoder/all_all_model_bt52.pth
0.752 999
0.753 1999
0.7413333333333333 2999
0.7635 3999
0.7572 4999
0.7581666666666667 5999
0.7595714285714286 6999
0.76725 7999
0.7675555555555555 8999
0.7652 9999
0.7685454545454545 10999
0.7693333333333333 11999
0.7701538461538462 12999
0.7693571428571429 13999
0.7702 14999
0.771375 15999
0.768 16999
0.7661111111111111 17999
0.7643684210526316 18999
0.76375 19999
0.7605238095238095 20999
0.760090909090909 21999
0.7594347826086957 22999
0.759625 23999
0.75884 24999
0.7596538461538461 25999
0.7607037037037037 26999
0.7613214285714286 27999
0.7587586206896552 28999
0.7594 29999
0.7581290322580645 30999
0.75646875 31999
0.7579090909090909 32999
0.7589117647058824 33999
0.7606 34999
0.7597222222222222 35999
0.7604054054054054 36999
0.7604736842105263 37999
0.7612820512820513 38999
final:
0.7611045647830319
