umls entities loaded
tokenizer name: cambridgeltl/SapBERT-from-PubMedBERT-fulltext 

test dataset path: /home/gan/CODES/CrossEncoder/load_umls/tra_val_test/mentions/test.json
testdata length: 39038 

umls vector: sapbert
umls vector shape: (3415665, 768) 

compute acc@ 5 (retrieve  15  candidates)
reranker model used: /home/gan/CODES/CrossEncoder/AAANEW/crossencoder/all_name_model_bt52.pth
0.789 999
0.784 1999
0.7713333333333333 2999
0.78975 3999
0.7808 4999
0.7798333333333334 5999
0.7804285714285715 6999
0.787125 7999
0.7882222222222223 8999
0.7865 9999
0.7901818181818182 10999
0.7920833333333334 11999
0.7936923076923077 12999
0.7923571428571429 13999
0.7928666666666667 14999
0.793875 15999
0.7909411764705883 16999
0.7892222222222223 17999
0.787 18999
0.78665 19999
0.7842857142857143 20999
0.7839090909090909 21999
0.7831739130434783 22999
0.783 23999
0.78248 24999
0.7834230769230769 25999
0.7845925925925926 26999
0.785 27999
0.7825862068965517 28999
0.7833 29999
0.7825161290322581 30999
0.78159375 31999
0.7829090909090909 32999
0.7840588235294118 33999
0.786 34999
0.7849722222222222 35999
0.7853783783783784 36999
0.7852105263157895 37999
0.7857435897435897 38999
final:
0.7855422921256212
