umls entities loaded
tokenizer name: cambridgeltl/SapBERT-from-PubMedBERT-fulltext 

test dataset path: /home/gan/CODES/CrossEncoder/load_umls/tra_val_test/mentions/test.json
testdata length: 39038 

umls vector: sapbert
umls vector shape: (3415665, 768) 

compute acc@ 5 (retrieve  10  candidates)
reranker model used: /home/gan/CODES/CrossEncoder/AAANEW/crossencoder/all_all_model_bt36.pth
0.764 999
0.758 1999
0.7443333333333333 2999
0.7645 3999
0.7574 4999
0.7566666666666667 5999
0.7584285714285715 6999
0.76625 7999
0.7666666666666667 8999
0.7644 9999
0.7677272727272727 10999
0.768 11999
0.7688461538461538 12999
0.768 13999
0.7690666666666667 14999
0.77025 15999
0.7668235294117647 16999
0.7650555555555556 17999
0.7633157894736842 18999
0.76265 19999
0.7592857142857142 20999
0.759090909090909 21999
0.7585652173913043 22999
0.75875 23999
0.75784 24999
0.7584615384615384 25999
0.7596666666666667 26999
0.7603214285714286 27999
0.7577241379310344 28999
0.7583666666666666 29999
0.7571935483870967 30999
0.75559375 31999
0.7568181818181818 32999
0.7578529411764706 33999
0.7594285714285715 34999
0.7587222222222222 35999
0.7592432432432432 36999
0.7590526315789474 37999
0.7598717948717949 38999
final:
0.7596956811312054
